Model Method: LSTM Regression
Loss: 0.784140944480896
Validation Loss: 1.1500194072723389
Mean Squared Error (MSE): 0.8567074537277222
Mean Absolute Error (MAE): 0.821652889251709
Root Mean Squared Error (RMSE): 0.9255849123001099
Training Time: 46.24453091621399 seconds
Predicted interval days for next period: 36.30 days
Predicted start date for next period: 2024-06-13

Model Weights:
[array([[-0.06659959, -0.2646907 ,  0.11739528, -0.03968903, -0.42759112,
        -0.23221305,  0.18275821,  0.27930743, -0.14751783, -0.25676447,
        -0.09488747, -0.08132543,  0.3906063 ,  0.15507554,  0.37379816,
        -0.3481817 ,  0.35245252,  0.08633598, -0.01499773,  0.35613477,
         0.39885575,  0.2558806 ,  0.58919173, -0.2040965 , -0.29529318,
         0.10442945, -0.3338749 , -0.38399744,  0.32105336,  0.42546734,
        -0.1114646 ,  0.38792405, -0.20406848, -0.36599016,  0.28636333,
        -0.15836886, -0.40331095, -0.3621417 , -0.41987705, -0.18374391,
         0.39010805, -0.21036889, -0.2746392 ,  0.10020726,  0.44302422,
         0.49091917,  0.04388452,  0.22354029,  0.27894965, -0.37040824,
         0.09760135,  0.04966097,  0.03405125, -0.00336337, -0.10245437,
         0.08879319,  0.00650153,  0.12493595,  0.02911817, -0.05346093,
        -0.1346902 , -0.05737401, -0.07192747, -0.12062293, -0.08618426,
         0.00750604,  0.07400204,  0.1314928 , -0.05534458, -0.13376777,
        -0.02150898,  0.06089959,  0.05978191, -0.11900716, -0.06485263,
         0.03028107,  0.06281805, -0.00488254,  0.02347979,  0.06804796,
         0.15791082, -0.02744588, -0.10854913, -0.13611656, -0.07629317,
        -0.05660597, -0.05581731,  0.03700083, -0.11252037,  0.00502577,
        -0.00231408, -0.05314849,  0.0323673 , -0.03524616, -0.12024684,
         0.09637135, -0.01456788, -0.03503966,  0.08804661,  0.07198596,
         0.05105804, -0.35680112,  0.41797096,  0.03126868, -0.45777658,
        -0.03167746,  0.27329475,  0.42338204,  0.01916923, -0.42226076,
        -0.00830083,  0.02102342, -0.21291448,  0.38861662,  0.32490474,
        -0.5048115 ,  0.37417474,  0.03620978,  0.01997136,  0.38031355,
        -0.19197656,  0.35517666, -0.25752142, -0.48287818, -0.36453333,
        -0.00216514, -0.00258734, -0.33143786,  0.24555501,  0.2258498 ,
        -0.44479826, -0.2137272 , -0.32749066, -0.31902707, -0.18980113,
        -0.5032722 , -0.45927536, -0.4096671 , -0.43748066, -0.32751665,
         0.37828112, -0.3110508 , -0.46286443,  0.29017866, -0.18241565,
        -0.20244081,  0.28125593,  0.36089432, -0.22580938, -0.39286894,
        -0.20482135, -0.30351454,  0.23026498, -0.00798569, -0.4286544 ,
        -0.11018312,  0.13807558,  0.10401177, -0.04880312, -0.224407  ,
        -0.21292982, -0.30492714,  0.5477855 ,  0.1372557 ,  0.33921674,
        -0.44652936,  0.3406197 ,  0.09401014, -0.28519487,  0.08486919,
         0.5044774 ,  0.21698748,  0.28728652, -0.3807703 , -0.30662262,
         0.1463814 , -0.0835323 , -0.36978084,  0.20575553,  0.26516998,
        -0.35615784,  0.42395228, -0.4833102 , -0.46324652,  0.50395256,
        -0.34200427, -0.40874097, -0.42476615, -0.31940138, -0.21289651,
         0.15532275, -0.1923169 , -0.24919543,  0.24996443,  0.36894217,
         0.31577834,  0.31319547,  0.23510736,  0.36859372, -0.15939657]],
      dtype=float32), array([[ 0.05903602, -0.01671224, -0.10777485, ...,  0.15329278,
        -0.11629073, -0.05684403],
       [-0.08509579,  0.00513279, -0.02002508, ..., -0.13298659,
        -0.13996594,  0.08935118],
       [-0.00984712, -0.0108698 , -0.07884526, ...,  0.14327107,
        -0.21046072,  0.04940466],
       ...,
       [ 0.08815859, -0.03945247, -0.04498709, ..., -0.01679191,
         0.00773755, -0.04999591],
       [-0.0898024 , -0.00538713,  0.13062532, ..., -0.08755825,
        -0.00265472, -0.01533507],
       [-0.00335949,  0.11460482,  0.01400735, ...,  0.09671496,
         0.00198773,  0.02841415]], dtype=float32), array([ 0.14528742,  0.4179055 ,  0.28822678,  0.15446125,  0.3353895 ,
        0.30871883,  0.3460345 ,  0.3012067 ,  0.20090875,  0.41288143,
        0.26403522,  0.2587874 ,  0.42030627,  0.24961168,  0.2734705 ,
        0.39194614,  0.36433274, -0.04800495,  0.24268496,  0.2609268 ,
        0.38081187,  0.28559414,  0.42388353,  0.3822366 ,  0.3356396 ,
       -0.01843827,  0.33041286,  0.38202733,  0.32801613,  0.32894123,
        0.3454911 ,  0.38976648,  0.39318603,  0.3969089 ,  0.39717424,
        0.39553973,  0.34802547,  0.34677958,  0.31840673,  0.38519242,
        0.33482924,  0.37386832,  0.32435545,  0.31117532,  0.40848756,
        0.36626047,  0.27346435,  0.32076305,  0.41271165,  0.3599267 ,
        1.        ,  1.        ,  1.        ,  1.        ,  1.        ,
        1.        ,  1.        ,  1.        ,  1.        ,  1.        ,
        1.        ,  1.        ,  1.        ,  1.        ,  1.        ,
        1.        ,  1.        ,  1.        ,  1.        ,  1.        ,
        1.        ,  1.        ,  1.        ,  1.        ,  1.        ,
        1.        ,  1.        ,  1.        ,  1.        ,  1.        ,
        1.        ,  1.        ,  1.        ,  1.        ,  1.        ,
        1.        ,  1.        ,  1.        ,  1.        ,  1.        ,
        1.        ,  1.        ,  1.        ,  1.        ,  1.        ,
        1.        ,  1.        ,  1.        ,  1.        ,  1.        ,
        0.29405168,  0.01160413, -0.06173119,  0.3172904 , -0.01319485,
        0.3195891 , -0.04020132, -0.06223778,  0.3297343 ,  0.0019499 ,
        0.31480494,  0.3324946 ,  0.30755487, -0.05742108, -0.04792193,
        0.00992212, -0.05543158, -0.07532801,  0.32765177, -0.0560737 ,
        0.27705202, -0.05235595,  0.3716626 , -0.01025344, -0.01276884,
       -0.02188729,  0.40118954,  0.00798111, -0.03615665, -0.03297301,
       -0.02233086,  0.30807534,  0.00981122,  0.01607458,  0.27426645,
       -0.01189685, -0.00989136, -0.00585805, -0.02202306, -0.00374577,
       -0.05578725, -0.00543372, -0.02972334, -0.04284272,  0.2614317 ,
        0.2921572 , -0.04198328, -0.05320298,  0.3264991 , -0.01087358,
        0.12511559,  0.41926646,  0.2909325 ,  0.15900047,  0.3354277 ,
        0.31761602,  0.34480944,  0.29680488,  0.21382967,  0.41178232,
        0.25133395,  0.233593  ,  0.41646004,  0.24927151,  0.2721562 ,
        0.3958262 ,  0.3639267 , -0.04801521,  0.20944807,  0.25504035,
        0.3776824 ,  0.28460577,  0.4310064 ,  0.38838452,  0.3359861 ,
       -0.01843878,  0.3468059 ,  0.38152257,  0.32472333,  0.32409397,
        0.35326168,  0.39071268,  0.40316957,  0.40054187,  0.3924401 ,
        0.40171885,  0.34822154,  0.34897482,  0.31513757,  0.3861026 ,
        0.32787132,  0.37332842,  0.32357278,  0.31498787,  0.40935823,
        0.37324733,  0.28361112,  0.3211684 ,  0.40963396,  0.35315233],
      dtype=float32), array([[ 0.31843624],
       [-0.42954156],
       [-0.32868612],
       [ 0.21567678],
       [-0.45163664],
       [ 0.5791085 ],
       [-0.44169787],
       [-0.31018016],
       [ 0.28445235],
       [-0.37072548],
       [ 0.4824499 ],
       [ 0.35151646],
       [ 0.48125103],
       [-0.52586395],
       [-0.43026578],
       [-0.31760848],
       [-0.28109676],
       [ 0.11743529],
       [ 0.32837692],
       [-0.45204905],
       [ 0.6139027 ],
       [-0.37453038],
       [ 0.3939736 ],
       [-0.35473523],
       [-0.65140194],
       [ 0.05821355],
       [ 0.33577612],
       [-0.5136351 ],
       [-0.5355071 ],
       [-0.62485474],
       [-0.4600063 ],
       [ 0.6215762 ],
       [-0.5013252 ],
       [-0.50857425],
       [ 0.6326718 ],
       [-0.33818656],
       [-0.4156523 ],
       [-0.46541926],
       [-0.60651255],
       [-0.55924946],
       [-0.29801238],
       [-0.6784018 ],
       [-0.55659646],
       [-0.4391848 ],
       [ 0.72450006],
       [ 0.5677269 ],
       [-0.20952077],
       [-0.25065878],
       [ 0.46340677],
       [-0.49096337]], dtype=float32), array([0.28341419], dtype=float32)]

Predictions:
[0.4827921986579895, -0.5928218960762024, -0.013542652130126953, -0.018600523471832275, 1.0299923419952393, -0.789496123790741, 0.8936251997947693, -0.4649507403373718, -1.251150369644165, 0.8936251997947693]